"Robert Brook"	", 12906, 32149, 39874, 40143"
"Robert Dolan"	", 37220"
"Robert Merkel"	", 11026, 11616, 1164, 12401, 13048942, 13086761, 13287, 14274, 14737, 14790, 16824902, 18195, 18313, 18314, 18463, 18856, 18950865, 18973622, 18989, 19811, 20737, 21468482, 21504, 21939, 22085, 22086, 24864, 27927, 2858, 29090, 29186, 29507, 30863, 31471, 32035, 32786, 32876, 32978, 33841, 33964, 34130, 34558, 34760, 36776, 36908, 37085, 37125, 37126, 37152, 37153, 37161, 37224, 37316, 37448891, 37590, 37658, 37686, 37688, 37691, 37711, 38156, 38252, 38373, 38459, 38462, 38942, 39154, 39173, 39211, 39294, 39344, 39376, 39418, 39431, 39432, 39693, 39732, 39875, 40013, 40132, 40144, 40147, 40270, 40337, 40356, 40370, 40429, 40630, 41953, 42010, 42156, 4231, 42430, 42964, 47375, 5030553, 6884, 8286923, 856, 8565, 880"
"RobertBrook"	", 12906, 6883"
"RoseParks"	", 11152, 26383679, 36504, 37513, 38557"
"Ry Rivard"	", 5069516"
"Sabre23t"	", 37300, 38254, 6678, 7199"
"SadForLife"	", 39885, 39888"
"Saikat"	", 26685"
"Samth"	", 25778403"
"Saracarl"	", 1998, 22086, 30942, 36912, 37741, 37743, 37953, 53848"
"Scipius"	", 12466, 12657, 9317"
"Sdw"	", 26296173"
"Seb"	", 39098"
"Setok"	", 23247, 23939, 39880682, 8569916"
"Sfmontyo"	", 16458, 2112961, 26257672, 26257690, 42738, 42751, 42753, 42763, 42869, 42910"
"Shd~enwiki"	", 172959, 27084113, 32978, 40324, 40325, 40326, 40328, 40329, 40334, 41949, 42155, 42692"
"Shsilver"	", 1012, 10396793, 15155, 2196, 25414, 28176, 37397201, 39991, 40148, 40288, 40290, 40291, 40292, 40302, 40303, 40304, 40415, 40416, 40417, 40418, 40420, 40461, 40462, 40655, 41963, 42087, 42113, 42323, 53606, 6217, 6663"
"Sjc"	", 10623, 13485, 14011, 16135, 1640, 18581415, 18622102, 18951655, 19685, 20110824, 20127, 20187, 21351939, 22443, 23417070, 23857, 25422, 32978, 33500, 33725, 33841, 35109, 36741, 36863, 36985, 37222, 37223, 37397201, 37595, 37599, 37607, 37611, 37619, 37648, 37754, 37756, 37764, 37770, 37780, 37965, 37971, 37973, 38615, 38817, 38871, 38931, 39117, 39118, 39123, 39138, 39141, 40149, 40372, 40410, 4642, 47485446, 4990, 56110, 5648, 5714, 573, 6321, 8166, 8167, 8419, 8531, 9028, 9714"
"Slrubenstein"	", 10326, 13109, 14234, 16395, 17456, 18717981, 18940658, 18951655, 19159508, 19617, 19728, 19906, 20757740, 22760983, 26494, 27694, 27732, 30297, 32611, 3272, 37093, 37120, 37263, 38193, 39123, 39125, 39138, 39222, 39228, 39662, 42327, 42329, 5389, 5416, 637299, 692, 8140, 8643"
"Snl"	", 42236"
"Sodium"	", 10339, 10911, 13606, 13607, 13609, 19555, 21785, 22151, 23001, 23720, 23872, 26494, 30364, 3380, 36497, 36912, 37179, 37738, 37808, 37811, 38415, 38436, 38452, 38453, 38820, 38873, 39113, 39807, 40270, 42739, 4932111, 54130, 57880, 6658, 6896"
"Stephen Gilbert"	", 12688, 14640471, 18617142, 18628361, 19007, 19694, 22915, 26715, 27605, 32506, 36583, 36591, 37383, 37384, 37417, 39809, 5030553"
"SteveSmith"	", 21265066, 21486576, 34653, 36480, 36580, 36653, 36786, 36795, 36801, 37053, 37106, 38211, 49031, 5042951"
"Stokerm"	", 41545, 41546, 5408"
"Stuart Davis"	", 38125"
"Surly_Bob"	", 21745, 27931, 32978, 39788, 39793, 39803, 47818693"
"Szopen"	", 16417, 16419, 18514, 18693, 20596, 20597, 20598, 20804, 21744294, 23730735, 24169, 24350732, 24362861, 25682, 27863, 28137, 30152022, 31596917, 32509, 32512, 32908, 33841, 33999, 36554, 36854, 37076, 3720, 37224, 3730, 37586, 37743, 37987, 38078, 38115, 38118, 38290, 38292, 38294, 38311, 39728, 39760, 39871, 39875, 39880, 40267, 40649, 41143, 41963, 42155, 42201, 42235, 42395, 42396, 42424, 42427, 42678, 42687, 42689, 4849, 49578, 578487, 580, 689728, 7362, 7757, 9763"
"Tao~enwiki"	", 18934432"
"Taral"	", 29525, 32978, 6459, 9127632"
"Tarquin"	", 10678, 18938782, 19706, 23698779, 40634, 41994, 4664, 48509"
"Taw"	", 10313, 19761533, 21676, 27471338, 3038, 37198, 42758"
"Tbackstr"	", 23194, 28448, 36682, 40367"
"Ted Longstaffe"	", 10183, 11621, 12737, 13263, 13707308, 1525, 17839, 18842395, 19508643, 19548, 19673093, 20287, 20894732, 21544, 21785, 22485, 23708, 23943, 24514, 25112, 2552, 26103, 26190, 27790, 28962, 29500, 29838, 3003, 31740, 32388, 32505926, 32509, 33235, 33954, 35835, 38153, 38239735, 38244, 38297, 38494, 38542, 38546, 39131, 39137, 39411, 39413, 39417, 39418, 39605, 39607, 39608, 39609, 39690, 39715, 39860, 42821450, 4592, 47420, 47823822, 4953, 52477, 6097382, 6123, 6221, 6249, 6925, 7521, 8221, 929, 9550"
"Tei~enwiki"	", 38582"
"The Anome"	", 10474, 10962, 11736, 11887, 12461, 14229, 14539, 14875, 15052, 16163, 16579, 16861, 17079, 18457137, 18932641, 18949819, 19315564, 19548, 20948, 21486711, 21486951, 21544, 21555729, 2196, 22747, 23585, 25540, 25750, 26743, 27697009, 28698, 30564, 30854, 31401, 32149, 32237, 32978, 34610, 37310, 39117, 39118, 39138, 39209, 39219, 39241, 39311, 39324, 39326, 39329, 39414, 39416, 39426, 39430, 39445, 39872, 40547, 41733, 41957, 42031, 42037, 42041, 42042, 42043, 42051, 42053, 42146, 42716, 42739, 42877, 42886, 42888, 42889, 42890, 42891, 43529, 4561, 52977, 60431, 7398, 7463, 8145410, 8221, 8339, 9028, 9510, 9763"
"The Cunctator"	", 10166, 11152, 11902, 13425800, 13920, 18375894, 18868308, 19548, 19666611, 21083973, 22569, 24920347, 2522057, 27566, 27609, 2784, 28027, 28028, 28045, 28061, 29564, 32942, 33841, 34069, 36575, 36591, 38156, 38359, 38678, 38779, 38783, 38797, 38798, 38828, 38950, 38957, 38975, 38976, 38983, 38988, 38989, 39577, 39581, 39632, 39634, 39635, 39637, 39642, 39643, 39644, 39645, 39646, 39685, 39686, 39693, 39721, 40015, 40048, 40362569, 40420, 40477, 40591, 40592, 42098, 42105, 42298, 42338, 42366, 42391, 42397, 42442, 42532, 42739, 42742, 44103, 49369, 54864, 5937384, 6658, 67879, 6792932, 737, 7463, 7653"
"Derek Ross"	", 10408, 12466, 15905, 15925, 16179, 1628, 16580, 16824902, 18196, 18879, 19603, 2070, 21222213, 22568, 25676, 25682, 26994, 26995, 28135, 30980, 32616, 34764, 34898, 35189, 35190, 35266, 36040, 36477, 36499, 36511, 36513, 36602, 36765, 36771, 36778, 36779, 36787, 36834, 36836, 36893, 36898, 36899, 37153, 37802, 38873, 4037, 40592871, 49578, 5049, 6021, 7575129, 9028"
"Disco~enwiki"	", 38539, 38817, 4391"
"Dizzley"	", 28698"
"Dragon Dave"	", 18934325, 19763032, 21299730, 24147, 27567, 28266, 29123, 3107, 36958, 36961, 37180, 37182, 37887, 38678, 39216, 42964, 50650, 5826, 7940, 9845"
"Dreamyshade"	", 1012, 10204, 10233, 10326, 11164, 12435, 12653094, 13592, 13839, 13989, 16824902, 18959902, 19831, 20781951, 21391464, 21470, 21872126, 21883824, 2219, 23053, 23337, 23871, 2421391, 24935, 25525, 27931, 28544, 30058, 3043, 32978, 3343, 33841, 33842, 34575, 34624, 34630, 34980, 3549, 36477, 36498, 36525, 36665, 37097, 37340, 38071, 39180, 40231, 47523479, 4820, 5030553, 5042951, 51214, 5326, 5360, 5489, 5772, 59046, 5935, 6650, 69003, 7516, 9253, 9769"
"Drj"	", 36952, 36954, 37466, 40284, 58046, 8286923"
"Dze27"	", 12401, 16496, 19631, 19654433, 25422, 25778403, 29564, 30282, 36878, 38570, 38678, 38862, 39155, 40015, 40017"
"Eclecticology"	", 10632688, 10632769, 10632876, 10632881, 11953, 13092, 13554, 1417, 14729, 15055, 15570, 15850, 17867, 17876, 18327, 1845, 18878, 19435457, 19693, 2043, 20667, 21556371, 21556423, 23047, 23245556, 23425516, 23758960, 2480627, 26757, 26833, 2960, 30064, 324, 33841, 34411, 34519, 35698124, 38678, 39171, 39594, 39698, 39870, 40013, 4012, 40353, 40411, 40491, 41526, 42093, 42106, 42110, 42126, 42159, 42293, 42294, 42383, 42390, 42551, 42578, 42618, 5030553, 5224, 5517299, 61702, 6176, 67879, 7301, 7642, 803, 808, 9253"
"Ed Poor"	", 10183, 10531, 10671, 11185, 12403, 13070, 13109, 14233, 14234, 15030, 15499, 16775, 20948, 21350772, 21431016, 28406, 28845, 29252, 29798, 30475, 31898, 33584, 36494, 36503, 37038, 37085, 37097, 37103, 37104, 37106, 37270, 37638, 37645, 37649, 37650, 37652, 37653, 37654, 37658, 37876, 37879, 37992, 37993, 38304, 42321, 42324, 42325, 42327, 42328, 42329, 42348, 5042951, 5929714, 7653, 7654, 8539050, 8757, 9236"
"Edgar~enwiki"	", 10276, 11359, 26413, 32942, 37813"
"Edolin"	", 38310, 38869, 40489, 4487, 47863693"
"EdwardOConnor"	", 26296173, 39781455"
"Eean"	", 36659"
"Eijkhout"	", 26242, 39147, 3916"
"Eloquence"	", 5030553, 5902"
"Eob"	", 12862, 14675, 18835, 26826, 3378, 35951, 36031, 36073, 38542, 38689, 38851, 38956, 38959, 38962, 38991, 5390, 7822, 9228"
"Espen andersen"	", 11820"
"Espen"	", 10979, 11467, 15825, 18273, 19450529, 19654433, 19766, 2480627, 31045316, 32442, 32978, 36597, 36623, 36679, 37075, 37229, 37304, 37397201, 37413, 37428, 38376, 38546, 39452, 4091, 42691, 5224, 59046, 808"
"Federico~enwiki"	", 18839"
"Ffaker"	", 11902, 14117, 16329, 23005, 25074, 25143203, 29035, 30770, 33842, 39762422, 5030, 5921878, 740"
"Firepink"	", 12460, 18994363, 21830, 23880, 26534334, 27900, 27906, 36681, 36743, 36744, 36745, 37194, 37199, 37283, 37397201, 37738, 37751, 4215"
"Flemmingmo"	", 39739"
"Fredbauder"	", 23664, 3778, 42431, 42901, 43005, 5399, 63876"
"Ganapataye"	", 38880, 38883"
"Gareth Owen"	", 36525"
"GayCommunist"	", 10635, 18618607, 37131, 49047"
"Georgie16"	", 40335"
"GillianAnderson"	", 20781951, 6596"
"Girlich"	", 15526, 25215, 25216, 25266, 25394701, 27566, 32390, 36867, 36951, 8521, 9906294"
"Gorm"	", 13694, 21241, 37502"
"Graham Chapman"	", 11953, 151615, 15767, 15980, 17006, 17390, 18950703, 18976, 20187, 20613, 21504, 23410163, 23443846, 24669, 25478078, 28695, 30942, 31130, 32506019, 33841, 36912, 37097, 37196, 37448891, 3767, 38371, 38512, 38615, 38833, 38835, 38931, 39378, 39394, 39406, 39605, 39690, 39834, 40351, 40356, 40416, 40424, 40429, 40754, 41927, 42395, 7310, 7398, 7399, 8745, 983, 984"
"Granicz"	", 38225"
"Great throwdini"	", 13086761, 14355, 156045, 169652, 19730, 20993, 21489, 24191364, 26524, 28606, 36952, 38442"
"Grouse"	", 19374, 1998, 2244, 23618017, 37130, 37138, 37139, 4580"
"Guppie"	", 36982, 53140"
"Gustavo Wombat"	", 37862"
"HelgeStenstrom"	", 36602"
"Holger~enwiki"	", 37057"
"Huajie"	", 41984, 5405"
"IanLewis~enwiki"	", 12590, 39346, 52977"
"Iandog"	", 33841"
"Ignaciovicario"	", 2457"
"Isomorph"	", 31395"
"Iwnbap"	", 18951655, 21523, 37202, 37397201, 40117"
"JHK"	", 10484442, 1106536, 11401, 1273, 13467, 13772, 14162, 1421, 14234, 14431, 1486, 18514, 20144, 20597, 20598, 20804, 21431992, 21476233, 23730735, 23977553, 24169, 24297095, 2432, 24919577, 2552, 25605367, 26288, 26413, 27485376, 27485413, 27485485, 27485516, 27641563, 28399, 28409, 30801, 30853, 31120, 31130, 332758, 33841, 35179, 35901, 36494, 36628, 36778, 36779, 36783, 36883, 36895, 36902, 36910, 37015, 37045, 37046, 37086, 37407, 37410, 3765, 37813, 37857, 38042, 38177, 38211, 38382, 38460, 38570, 38738, 38739, 38740, 38746, 38815, 38823, 38830, 38935, 38999, 39064, 39070, 39080, 39118, 39188, 39235, 39594, 39698, 39791581, 39824, 39880, 39884, 39890129, 40347, 40408, 40437, 40539, 40576, 40578, 40592933, 40599, 40869295, 42067, 42214, 42233, 42234, 42240, 42278, 42302, 42327, 42329, 42616, 42631, 43295516, 46357, 47253, 49578, 49613, 6969, 7362, 7653, 7661, 7665, 841, 8836659, 8941"
"JamieNettles"	", 41958, 41959"
"Jan Hidders"	", 18825270, 36602, 36837, 37333, 39093, 5058690, 51440"
"Jazzoctopus"	", 1170, 18313, 18314, 18522615, 20781951, 22388, 32978, 33870, 41522, 41524, 41527, 6920"
"JeLuF"	", 10018, 12099, 38412, 41902, 41982, 41985, 42029, 42127, 42226, 42236, 42357, 42412, 42440, 42607, 42737"
"Jeronimo"	", 10854, 16564, 16825404, 22477, 23661162, 25778403, 28028, 28544, 28779, 31769, 32917, 34691, 34982, 36602, 36847, 36857, 37120, 37146, 37575, 37585, 37600, 37602, 37603, 37607, 3762, 37746, 37751, 37753, 37765, 37960, 37962, 37963, 37964, 37966, 38109, 38264, 38678, 38748, 38862, 38871, 39634, 39635, 39637, 39645, 39646, 41136557, 42298, 42533, 42737, 42907, 585629, 8286923"
"Jhan344"	", 20375, 42059"
"Jkominek"	", 11026, 11616, 1329090, 13450, 16869, 17524, 18168, 18406, 18932365, 19467352, 2007, 21440, 21544, 21896483, 21921, 22402, 23368424, 23939, 26443, 26671, 27678, 28399, 28644, 28829, 30011, 30398, 31591, 32188, 3403776, 34147, 34920, 37316, 37404, 37815, 38117, 38118, 38563, 38782, 39389, 39725, 40104, 40355, 40356, 40367, 44469, 5399, 6217, 8536, 9663"
"JoachimFunke~enwiki"	", 34128, 36700"
"Joao"	", 18659840, 25936, 32942, 36471, 37103, 37182, 48422, 9228"
"Joel Schlosberg"	", 11986, 37844"
"Johanneswilm"	", 9209651"
"Josh Grosse"	", 3720"
"Joshstaiger"	", 40331"
"Jpsturm"	", 15905"
"Jrincayc"	", 29664, 39627"
"Jtnelson"	", 12991, 13058, 13260"
"Juanan~enwiki"	", 38116"
"Justfred"	", 25802750"
"Justrob"	", 26811621, 41544, 42160"
"JvaGoddess"	", 21448, 21575, 21576, 21578, 21579, 21580, 21758, 21761, 25498357, 8452, 8589"
"Jzcool"	", 36759"
"Karl E. V. Palmen"	", 16493, 20519, 31390, 37141, 42076, 42126, 42169, 42296, 42903, 5418, 8477, 8815, 9325"
"Kazik~enwiki"	", 40649"
"King of birds"	", 184334, 18994363, 22544, 34549, 36585, 36611, 37674, 37676, 37678, 37882, 42821, 6056"
"Kowloonese"	", 13564463, 1786, 39104, 5781, 5992"
"Koyaanis Qatsi"	", 17221, 17743639, 18932654, 18933383, 23649, 23698779, 24502490, 24623, 27790, 38542, 38575, 38718, 42409, 42410, 4531, 5921, 808, 8088, 9332"
"LA2"	", 1013, 10186, 10632879, 1091547, 11184, 13588, 13854, 13904, 14097, 14104, 14115, 15862, 16089, 16972981, 17221, 1814, 18452, 18933277, 19039354, 19283960, 19631, 20158, 21726, 21758, 21762, 21763, 21796, 22620, 2544633, 26367, 27033120, 27598309, 27598692, 27992, 28771, 28805, 29167, 31587, 32526, 33302, 34054833, 34605, 34648, 34655, 34662, 34705, 34775, 34850, 34861, 34869, 34876, 34916, 34937, 34948, 34983, 35179, 35180, 35182, 35186, 35211, 35216, 35217, 35309, 35548, 35608, 35633, 35637, 35691, 35738, 35783, 35808, 35828, 35876, 36036, 36130, 36131, 36244, 36287, 36291, 36660, 36686, 36689, 37702, 38382, 38383, 38554, 38555, 38569, 38572, 38581, 38585, 38600, 38608, 38613, 38617, 38624, 38631, 38644, 38645, 38646, 38658, 38662, 38674, 38681, 38686, 38696, 38697, 38719, 38729, 38731, 38746, 38961, 39467, 39473, 39476, 39477, 39478, 39507, 39508, 39511, 39517, 39518, 39530, 39535, 39569, 39582, 39766, 39879893, 39892, 39929, 39938, 39948, 39949, 39950, 39951, 39952, 39953, 39957, 39991, 40014, 40021, 40022, 40023, 40049, 40084, 40096, 40435, 40536512, 40869264, 42370, 42378, 42379, 42382, 42412, 42454, 42466, 42511, 42524, 42527, 42540, 42541, 42545, 42548, 42549, 42591, 42592, 42593, 42594, 42595, 42596, 42597, 42598, 42599, 42600, 42601, 42602, 42603, 42604, 42605, 42606, 42761, 42764, 42787, 43626, 4363966, 4689264, 47063, 49613, 5058739, 52608, 53678, 57744, 600, 690, 7146, 746, 8380114, 9317"
"LC~enwiki"	", 11953, 15491, 16824902, 16974, 17552, 18203, 18393, 18568, 19654433, 20110787, 205457, 21483, 23015, 23385892, 23666, 24390, 25005, 25220, 25350, 26193, 26443, 27812895, 31755, 3244084, 3380, 33841, 33842, 3401, 35205, 36500, 36501, 36777, 36811, 37035, 37391, 37393, 37856, 37954, 38494, 39351, 39378, 39461, 39563, 44578, 4715, 54681, 54685, 5926, 6115, 6352800, 7543, 8302, 928"
"Lane Wright"	", 11170, 24230, 39047, 39889916"
"Larry Sanger"	", 11201, 13224, 13769, 15426, 2043, 22085, 27084080, 27084113, 32942, 37097, 38359, 38867, 4153562, 9119240, 9159"
"Larry_Sanger"	", 11597, 14922, 17743639, 18910, 18916, 19593829, 19842620, 20955, 21481963, 21745, 25414, 25675557, 25976, 27855329, 28926, 3272, 32942, 32978, 33235, 33842, 36591, 37097, 37196, 37658, 38966, 39065, 39066, 39069, 39196, 39593, 39622, 39624, 39762, 39788, 39793, 39801, 39811, 39889, 40362569, 40615, 42158, 5025820, 51205, 5416, 5417, 5451374, 5772, 6352800, 9769"
"Leaty"	", 38537"
"Lee Daniel Crocker"	", 36506, 36895, 37097"
"Leonard~enwiki"	", 18932365, 41534"
"Luis Oliveira"	", 13972, 16824902, 18934325, 27565952, 32978, 33401, 36483, 36602, 5030553"
"MLPachali"	", 12804, 19443773, 39879, 39881, 40156, 40157, 42178, 42180, 42183, 42677"
"Magnus Manske"	", 13891, 15022384, 17743639, 1822, 18825270, 18938758, 19600280, 20781951, 21294842, 21443, 21698441, 21796, 23014, 23718, 23719, 31522, 31717, 32942, 3378, 3380, 33841, 34624, 36469, 36504, 36512, 36591, 36602, 36624, 36766, 37333, 38063, 38359, 38571, 38760, 38761, 38770, 39339, 40233, 40273, 40297, 40332, 40391, 40392, 40645, 42283, 42676, 42752, 42886, 42898, 5030553, 6346, 6652887, 8131, 9127632, 9707"
"Magnus~enwiki"	", 23878, 8166"
"Malcolm Farmer"	", 1010, 11009, 12025, 12737, 14274, 15651, 17740, 17747, 18196, 18727, 19283852, 20425, 2043, 23550, 23604, 23878, 24029, 24150, 24316, 25599, 25879, 29798, 32885, 3378, 3380, 33841, 34069, 35207, 36586, 36830, 36839, 368510, 36940, 36960, 36999, 37222, 37238, 37277, 3730, 37397201, 37870, 37947, 38001, 38293, 38393, 38571, 38799, 38853, 38874, 39102, 39149, 40400, 4106, 42029, 42898, 42899, 4361, 4561, 5030553, 50973, 53606, 53618, 5645, 5791492, 6429, 7025, 8246, 9325, 9657"
"Malia211"	", 15792, 34760"
"Manning Bartlett"	", 25169208"
"MarXidad"	", 13834"
"Marj Tiefert"	", 10106, 11156, 2828, 29408, 31248, 32509, 34705, 34948, 36489, 36901, 36910, 37342, 39691, 39697, 39856, 40245, 42261, 4493, 48836, 55032, 6896, 8826"
"Mark Christensen"	", 21264566, 23047, 23768, 25976, 30340, 37304, 39057, 39065, 39138"
"Mark Ryan"	", 1274, 17546, 28327, 36928, 36932, 38393, 38398, 4689264, 5030553"
"MarkAtwood"	", 12706, 21069, 23534170, 26787, 32252, 7574"
"MarkReid"	", 36591, 36935, 38749, 38834, 41136557, 9536"
"Mathijs~enwiki"	", 38104"
"Matthew Woodcraft"	", 1208, 1242, 14794, 14922, 16043, 18195, 18938782, 2043, 26296173, 30398, 31641, 36475, 39122, 39138, 4922, 841, 9028"
"Mav"	", 11059, 11525, 11579, 1206, 12395, 1273, 12787, 12937, 12967, 13048942, 13070, 13086761, 13255, 13707308, 1421, 14734, 15471, 16517, 16990482, 17029, 17561, 17996, 18313, 184334, 18457137, 18618416, 18677486, 18841893, 18842395, 18909, 18949328, 19191665, 19191789, 19406230, 19468046, 19594174, 19594213, 19600280, 19666611, 19763032, 2076, 20781951, 21019, 21221, 21476593, 21736, 22304, 22402, 22468, 2301, 23053, 23055, 23221, 23319, 23718, 23719, 23720, 24065, 24475, 2537522, 25458, 25507, 25545863, 25599, 25951, 26809, 26826, 26951, 27086, 27114, 27118, 28119, 28176, 28334, 28659, 28930, 28957716, 28962, 29252, 29631, 29816, 29932, 30543, 3230, 32388, 32669929, 32978, 33235, 3378, 3380, 33841, 34492, 36218, 36476, 36477, 36479, 36520, 36541, 36542, 36577, 36630, 36684, 36793, 36796, 36797, 36808, 36822, 36912, 36915, 36921, 36922, 36923, 36958, 37058, 37097, 37118, 37180, 37228, 37230, 37300, 37394, 37397201, 37400, 37449, 37472, 37526, 37535, 37537, 3755, 37620, 37702, 37741, 37887, 38390, 38395, 38799, 38928, 38964, 38982, 39079, 39087, 39102, 39118, 39165, 39265, 39289, 39291, 39298, 39299, 39300, 39307, 39361, 39401, 39418, 39420, 39425, 39451, 39482, 39588, 39592, 39595, 39671, 39679, 39691, 39697, 39704, 39715, 39728, 3993, 40114, 40116, 40124, 40125, 40131, 40134, 40142, 40143, 40351, 40356, 40368, 40370, 40379, 40402, 40420, 40444, 40449, 40451, 40452, 40454, 40455, 40456, 40474, 40475, 40476, 40477, 40478, 40507, 40508, 40509, 40510, 40511, 40512, 40513, 40514, 40515, 40516, 40517, 40518, 40519, 40520, 40521, 40522, 40525, 40526, 40527, 40528, 40529, 40551, 40608, 40618, 41515, 41532, 41545, 41546, 41910, 41939, 41953, 41955, 41956, 42001, 42002, 42010, 42015, 42018, 42080, 42143, 42156, 42159, 42242, 42652, 42664, 42665, 42666, 42667, 42668, 42677, 42821, 42859, 4579, 4651, 4699587, 47420, 5097395, 51205, 51320, 5407, 5667, 58590228, 5921878, 60759, 62332, 6352800, 6860726, 689728, 690, 791, 8429, 8524, 8718425, 904, 9075, 9804"
"Mcwee"	", 16215"
"Mediate"	", 40573"
"Michacy"	", 12902"
"MichaelTinkler"	", 10772350, 10819, 11063, 11401, 11405, 11457, 1193, 1304, 13452, 13467, 13684, 13772, 13854, 13957, 14164, 150304, 15055, 15191, 15924, 1622317, 1628, 16494, 17251, 17726, 18158, 18196, 18601, 18938115, 18951655, 19150105, 19445, 19685, 20598, 2065, 2076, 20781951, 20804, 20919, 21019, 21476233, 21476352, 22086, 22817, 23385833, 23416994, 23455280, 23713433, 2402, 24169, 24280, 24298, 2441, 24497, 2483, 25458, 25478078, 25595604, 26395, 26714, 27485413, 27850, 28134, 28172, 28328, 31171, 32616, 33917, 34311, 34349, 34636, 34798, 34837, 34838, 34839, 34840, 34857, 35013, 35054, 35309, 35940, 35941, 35942, 35943, 35944, 36477, 36520, 36525, 36602, 36631, 36636, 36637, 36717, 36721, 36768, 36915, 36923, 37052, 37054, 37097, 37108, 37325, 37409, 3765, 37803, 37868, 37870, 38015, 38078, 38177, 38193, 38204, 38211, 38244, 38310, 38375, 38379, 38382, 38383, 38395, 38422, 38565, 38704, 38712, 38746, 38748, 38823, 38895, 38935, 38949, 39080, 39081, 39118, 39123, 39138, 39154, 39209, 39284, 39286, 39445, 39594, 39660, 39880, 39947, 39969, 40020, 40035, 40111, 40113, 40167, 40173, 40174, 40178, 40183, 40202, 40395, 40437, 40439, 40440, 40445, 40505, 40539, 40572, 40575, 40576, 40578, 40590, 41903, 41966, 42133, 42142, 42146, 42213, 42233, 42234, 42382, 42390, 42424, 44399, 4552, 49578, 5031, 51320, 52608, 5635, 580, 585629, 60786, 60827, 6573, 6824, 689728, 6920, 75726, 7757, 8145"
"Miki~enwiki"	", 31577, 42189, 42194"
"Mirwin"	", 10927, 11061, 14640471, 17743639, 19773, 20584918, 21967540, 25440292, 2593, 27927, 29730, 29816, 30300, 30355, 31883, 32978, 33235, 33841, 36958, 37097, 37342, 37397201, 37658, 37887, 38247, 38257, 38393, 38452, 38458, 38790, 38822, 38824, 38954, 38966, 38998, 39002, 39317, 39588, 39704, 39862, 40108, 40226, 40375, 42774, 48512, 6762, 9550"
"Mporemba"	", 19178965, 42676"
"NathanBeach"	", 29810"
"Nezumi~enwiki"	", 38982"
"Noises"	", 34558, 34798, 34835, 34837, 34838, 34839, 34840, 34857, 35013, 35940, 35941, 35942, 35943, 35944, 40173, 40174, 40178, 40179, 40181, 40183, 40186, 40202, 40656, 40657, 40658, 51320"
"Oliver~enwiki"	", 40411, 41572, 41894, 41908, 41917, 41935"
"Olof"	", 10947, 16824902, 18879, 21275, 23637, 26263942, 26263954, 2889, 36494, 36540, 36544, 36835, 6960, 8243"
"Omenge"	", 17823, 18838895, 1997, 22936, 23306893, 2735, 28800, 33401, 34622, 39264, 39265, 39266, 39280, 40543, 40582, 41928, 42312, 42536, 42539, 69099"
"OprgaG"	", 18016, 21285632, 37065, 37096"
"Parity"	", 42380, 42394"
"Paul Drye"	", 34954, 35496, 35522, 38334, 38908, 39188, 39657, 39871"
"Pbjoiner"	", 38341, 38349, 38896, 38897, 38900, 38901, 38905"
"Perry Bebbington"	", 20781951, 32186638, 33841, 36525, 36576, 38575, 39005, 39068, 3959, 42418, 42728, 9663"
"Perry@bebbington.org"	", 187703, 36912, 38366, 38512, 38542, 38566"
"Peter Winnberg"	", 15792, 18938758, 18949819, 21504, 21762, 22068, 22113, 25215, 25216, 25266, 27935, 28825, 32399, 3383, 34130, 34492, 36479, 36687, 36912, 37151, 37413, 37746, 37941, 38005, 38805, 40628134, 504213, 53837, 8286923, 8521"
"Pgdudda"	", 42834, 42853, 6097240, 6287, 8645"
"Pinkunicorn"	", 41562"
"Piotr Gasiorowski"	", 14761, 14848, 18678, 23194, 29641, 29646, 3134, 7660, 7816"
"Poiman"	", 40484"
"QIM"	", 19906, 25454239"
"RAD~enwiki"	", 15737, 29816, 30011, 40332"
"RAE"	", 24994086, 24994323, 26589, 30942, 32675, 36602, 36746, 36750, 37021, 37864, 37953, 38323, 38327, 3921"
"RK"	", 20157, 23943, 23948, 24951, 37025"
"Racmeister"	", 13673345, 29412418, 36676, 8707"
"Rcasha"	", 19137"
"Redmist"	", 13692155, 22779, 39100, 41992, 52975, 8221, 983"
"Rgamble"	", 19773418, 19906, 40787, 41515, 41939, 42080, 42405, 42406, 42559, 42560, 42562, 4699587, 62332"
"Rizniz"	", 10553, 23410163, 30282, 33882, 39112, 39289, 39290, 39291, 39696, 39701, 39736, 39748, 39750, 39752, 39807, 4499, 7099, 9838"
"RjLesch"	", 10893, 11152, 11397, 12495, 12995, 13260, 14545, 14790, 15849, 16025, 16825404, 17006, 1794, 18375894, 18874028, 18902, 18951490, 19732690, 21208297, 21211, 21490963, 21719, 21809, 23245410, 23277672, 23408886, 25422, 25778403, 25957, 26811621, 26954, 2698975, 27609, 27698072, 27718, 27949, 29564, 30535, 32578, 32978, 33236, 34069, 34594, 34612, 35502, 36474, 36807, 36847, 37251, 37537, 38253, 3850, 38678, 38776, 38842, 38862, 38910, 39632, 39635, 39732, 39762, 40017, 40108, 40127601, 40319, 40400, 40671, 41953, 42010, 42068, 42083, 42195, 42196, 42200, 42226, 49369, 61702, 6654, 6658, 67879, 7766419, 8122, 8192, 8246, 9933"
"Rjstott"	", 15800, 1938, 36959, 37065, 37096"
"RobLa"	", 10979, 11787, 12620, 13015878, 15654, 15800, 15820, 15992, 16991, 17909, 18842395, 18902, 19729548, 19732690, 21491579, 23276, 24388, 24601, 25433, 25540, 27982, 29066482, 29831, 29922, 307, 32009, 32077, 32080, 32978, 33060, 33299, 33522, 3356, 3405443, 34549, 34550, 34575, 34596, 34600, 34612, 34616, 34622, 34640, 34655, 34666, 34668, 34669, 34674, 34676, 34712, 34753, 34784, 34793, 34955, 34963, 36646, 36912, 36934, 36937, 36938, 37298, 37357, 37553, 37554, 37559, 37742, 38211935, 38284, 38490, 38714, 38820, 3883, 39206, 39397, 39412, 39529, 39531, 40400, 40402, 40449, 40451, 40452, 40454, 40474, 40475, 40476, 40507, 40508, 40509, 40510, 40511, 40512, 40513, 40514, 40515, 40516, 40517, 40519, 40520, 40521, 40522, 40525, 40526, 40527, 40528, 40529, 40531, 40533, 40534, 40536, 40538, 40556, 40560, 40565, 40566, 40567, 40569, 40597, 40608, 42627, 42636, 5142, 5408, 5652, 63578, 7822, 7950, 8099"
"CYD"	", 10392, 11529, 11875, 11902, 14355, 15352, 18016, 18933234, 18938683, 19594213, 20556915, 23259, 24669, 28926, 28930, 34760, 36510, 39249, 39407, 39664, 39666, 40351, 4801, 5921878, 9476"
"Cable Hills"	", 26367, 37397201, 42538"
"Calypso"	", 10326, 11441, 1201, 12321694, 12471, 14848, 151615, 17344554, 17412, 17524, 18190, 18896, 18902, 19812, 20110824, 21272, 21527, 21601, 24390, 25401, 26193, 26787, 33306, 33638, 34513, 36782, 37042, 37097, 37195, 37223, 37351, 37495, 37652, 37797, 37875, 39834, 40398683, 422930, 43218, 5069516, 56110, 58800, 6173, 7844, 8478, 8758, 9228"
"CarLOs"	", 27804"
"Carey Evans"	", 1012, 11815, 1203, 12464, 15073, 15205, 1542, 16824902, 18568, 18727, 18825270, 18888, 19673093, 20781951, 21670, 24140, 24160, 24350732, 2559, 26872, 27611, 28844, 32961, 32978, 3380, 33999, 34578, 36484, 36488, 36602, 37381, 37584, 37727, 37887, 38361, 38362, 38376, 39122, 39357, 39801, 4231, 4391, 47542, 48509, 4913064, 5252, 8010, 8569916, 9228, 9321, 9472, 9845"
"Charleschuck"	", 19006979, 28750, 3390"
"Chato"	", 21483, 36602, 36866, 37235, 38297, 4576465, 5489, 9738"
"Chris_mahan"	", 1271, 13172, 1486, 1570, 18958, 25595604, 25595788, 29607, 32978, 34642, 34780, 34940, 35128, 35606, 35607, 35629, 35631, 35633, 35634, 35635, 35636, 35637, 35638, 35639, 35640, 35641, 35867, 41992, 42424, 42559, 42607, 42746, 42781, 42782, 42783, 42784, 42785, 42786, 42788, 42841, 53839"
"Christian List"	", 38556"
"Chuck Smith"	", 10404, 11424, 12431, 17054975, 18100, 18935022, 19003265, 19688, 20781951, 21676, 21734, 23053, 23203, 23871, 25414, 25778403, 26349189, 26422, 28846, 30589, 32390, 3401, 36504, 36509, 36714, 36770, 36922, 36987, 37032, 37292, 37293, 38115, 38551, 38871, 39066, 4689264, 47375, 5025820, 5030553, 60431, 9248"
"Clasqm"	", 10326, 12562, 18452, 20578, 23221, 23713433, 23715667, 24833, 25454239, 31722, 33842, 35052, 35053, 35069, 35907, 35908, 36035, 36045, 36046, 36216, 36278, 36395, 36602, 36683, 36685, 36686, 36688, 36689, 36692, 36693, 36694, 36695, 36696, 36698, 36699, 36773, 36968, 36969, 36971, 36980, 38337, 38339, 38344, 38428, 38432, 38434, 38435, 38569, 38572, 38574, 38919, 38921, 38924, 38925, 39158, 39880, 40118711, 4251, 5791492"
"ClaudeMuncey"	", 12153654, 15857, 19603, 21785, 23805, 27947, 28134, 29548, 32978, 34550, 34648, 34717, 34750, 36638, 37349, 38412, 40135, 40137, 40348, 40352, 40413, 40414, 40460, 40500, 42019, 42022, 42282, 42283, 42336, 49578, 8194"
"ClaudineChionh"	", 18196, 18197, 21995416, 27790, 39079, 9325"
"Clifford Adams"	", 37333"
"Closely"	", 39771"
"Css"	", 10166, 17524, 18452, 20911, 21771765, 27033, 38779"
"DWeir"	", 14155, 17839, 18361733, 35502, 40314, 40333, 40336, 40410"
"Dachshund"	", 10006, 1539, 16456, 23082421, 2480627, 30282, 32578, 38743, 39051, 39052, 39631, 39648, 39665, 39687, 40472, 41525, 42611, 42733, 7025, 7398, 9232"
"Damian Yerrick"	", 1010280, 10474, 10515, 1134, 11966, 12688, 13287, 13707308, 15416, 16009, 17054975, 17552, 17699, 17730, 17747, 18644, 18932365, 18932641, 18934755, 18934934, 18943937, 18948383, 19331, 20239, 20781951, 20817, 2094, 2114, 21306150, 21578485, 23661162, 23666, 24232, 24812, 24985, 25074, 25778403, 26006, 26220, 26715, 26809, 27010, 27697009, 2782, 27911, 28119, 28314, 28445, 28695, 29122, 29923, 30107, 3017, 30339, 30411, 30531, 31045316, 31635665, 32819, 33291, 33306, 33841, 33849, 36467, 36488, 36498, 36555, 36651, 36777, 37072, 37085, 37118, 37120, 37180, 37196, 37251, 37280, 37287, 37463, 37496, 37546, 37650, 37725, 37864, 38714, 38838, 38902, 38906, 38948, 38966, 39005, 39093, 39122, 39159, 39675, 39809, 39834, 40367, 40688, 41953, 4211, 42277, 42576, 42651, 4489, 4664, 49047, 5025820, 5781, 58046, 59046, 6097382, 6885, 7110, 8305, 8664, 9028, 9276, 9472"
"DanKeshet"	", 18879, 18940658, 24002, 25595604, 29066482, 33842, 36890, 37658, 40628134, 42408"
"Danny"	", 15194, 18452, 18910757, 19616, 20157, 20597, 20598, 21217, 23245410, 23943, 26284, 26288, 26422, 27915, 29287, 34714, 34840, 34857, 34876, 35134, 35942, 36058, 36078, 36342, 36912, 37397201, 38569, 38686, 38935, 39681, 39709, 39816, 39843, 40499, 40656, 42130, 42132, 42329, 42335, 42562, 42840, 42861, 43529, 47099, 61702, 794430, 9025"
"Dan~enwiki"	", 19404136, 37044, 38024"
"Darius Bacon"	", 11579, 19336, 24829, 29798, 30742, 38546, 39289, 40619, 42015, 42022, 42120, 42127, 42227, 42408, 5658, 6021, 7575091, 8145410"
"David Merrill"	", 13070, 14233, 19383782, 19603, 19685, 20266, 23644, 27911, 32978, 36672, 38350, 38791, 38897, 38908, 5030, 6325"
"David Parker"	", 10874, 10878, 11054, 11055, 12099, 12674, 12804, 13140, 13224, 13277, 1329090, 13467, 13485, 13769, 13849, 13854, 14130, 14162, 16305, 16419, 16972981, 17867, 18435, 18861001, 19078, 19423946, 19766, 20597, 21476352, 220418, 22817, 22936, 23455006, 23486968, 23564616, 23730735, 24169, 24919748, 25040576, 25040773, 26288, 26995, 27485376, 27485413, 27485516, 27641512, 27850, 28175, 28399, 28409, 28779, 30980, 31045316, 31130, 31596917, 32113, 3270, 332758, 33841, 34399, 34610, 34749, 34960337, 35948, 35950, 36494, 36499, 36520, 36584, 36601, 36628, 36637, 36656, 36741, 36749, 36752, 36787, 36997, 37146, 37206, 37258, 37266, 37407, 37410, 37619, 3762, 3765, 37958, 37968, 38109, 38132, 38138, 38168, 38383, 38412, 38414, 38460, 38476, 38484, 38523, 38585, 38617, 38663, 38707, 38712, 38746, 38826, 38846, 38848, 38849, 38889, 38935, 39017, 39020, 39070, 39594, 39698, 39699, 39715, 39791581, 39833, 39938, 40148, 40149, 40236, 40243, 40259, 40261, 40347, 40372, 40437, 40439, 40445, 40491, 40501, 40505, 40575, 40576, 40578, 40582, 40590, 41512, 41520, 41885, 41982, 42029, 42075, 42108, 42120, 42125, 42132, 42205, 42213, 42214, 42233, 42234, 42235, 42240, 42245, 42269, 42586, 42589, 44330135, 45357971, 45358446, 45367389, 45367947, 45368344, 47063, 49578, 49613, 5031, 52613, 578487, 585629, 6301248, 64692, 66401, 6822, 7955693"
"The Epopt"	", 10819, 10991, 11008, 11063, 11361, 12558, 12899, 14346, 14392, 15770, 15866, 15924, 1629, 16351, 16467, 18949128, 19272020, 1965, 20174, 20175, 20461, 20652, 21581, 21760, 22085, 22086, 23454608, 23454627, 248189, 25294, 25433, 25545863, 25825, 27041, 27061, 27566, 2858, 28637, 29798, 31331, 31477, 31635, 31752, 31769, 31770, 32186, 33608, 33842, 34551, 34639, 34651, 34807, 34855, 34856, 35576, 35578, 35579, 35580, 35581, 36083, 36088, 36179, 36191, 36205, 36411, 36592, 36762, 36873, 36874, 37007, 37345, 37352, 37368, 37371, 37374, 37375, 37376, 37377, 37379, 37439, 37442, 37604, 37744, 37745, 37746, 37935, 37940, 37941, 38005, 38008, 38018, 38033, 38044, 38068, 38079, 38093, 38151, 38153, 38322, 38326, 38435, 38441, 38456, 38470, 38678, 38719, 38744, 38782, 38787, 38790, 38861, 38867, 39005, 39089, 39256, 39276, 40118711, 40295, 40396, 4054, 40869264, 42121, 42277, 43423305, 5933, 6059, 6187, 67476, 7023, 8286923, 863, 9223, 9425, 9738"
"Tim Chambers"	", 25756479, 3390, 37238, 4116, 42198, 42200, 6352800"
"Timo Honkasalo"	", 10307, 12737, 13070, 14045, 14306, 15823, 18841893, 20057, 2043, 23005, 23053, 23698779, 2537522, 26246088, 30104, 33849, 34535, 37316, 37391, 37397201, 37757, 38393, 38428, 38562, 42645, 4531, 5224, 58590228, 6352800, 6884, 8478, 9028, 9093, 963"
"Tobias Hoevekamp"	", 18963754, 5390, 8643"
"Trelvis"	", 10264, 10947, 1245, 13120, 14939, 16395, 18879, 19600416, 19603, 19737, 2003, 20781951, 21210, 21544, 21785, 21787458, 21787470, 22054, 22151, 22158, 22939, 23784296, 23891, 24091, 24128, 24230, 25793, 25856, 25916521, 26046599, 27643750, 27643777, 2975, 31743, 3378, 3380, 33841, 3418303, 34624, 3532541, 35502, 36476, 36880, 36938, 37028, 37029, 37030, 37067, 37197, 37245, 37257, 37514, 38014, 38025, 38029, 38145, 38147, 38157, 38159, 3850, 38824, 39038, 39040, 39152, 39825, 39915, 40020, 40234, 40307, 40310, 40320, 4116, 42739, 42752, 4651, 60431, 6100, 6310, 6658, 736, 963"
"Trimalchio"	", 30604, 37112"
"Turmeric"	", 23221, 39029"
"Tuxisuau"	", 18934325, 18938758, 1980, 26743, 36512, 36729"
"TwoOneTwo"	", 10407, 14158, 156045, 17440, 18933122, 21785, 26110, 28045, 36472, 36882, 37097, 38011, 40180, 40411, 4801, 53160, 8022"
"Unknown"	", 10632881, 31635665, 36555, 36863, 36866, 37087, 37153, 37230, 38153, 5574915"
"Uriyan"	", 11168, 11579, 13223, 13263, 13450, 13707308, 13914, 14794, 14848, 15032, 15123, 15624, 16043, 16494, 17730, 1786, 18167, 18910757, 19447, 20892, 20914001, 21405267, 21470, 22980, 23943, 23948, 25215, 27697009, 28644, 29328, 2944, 32035, 32876, 33841, 34749, 36538, 36539, 37333, 37815, 37857, 38376, 38400, 38402, 38562, 38746, 38930, 39138, 39184, 39237, 39449, 40488, 41207477, 41922, 5213, 53847, 5652, 6021, 6909559, 794430, 7960202, 9195868, 9325"
"Vaganyik"	", 10950533, 13891, 18856, 18922622, 21504, 24909138, 25180, 31471, 38253, 38459, 40127601, 41953, 41955, 41977, 42010, 42062, 42068, 42069, 42104, 42222, 42223, 42225, 42238, 42624, 42721, 42725, 42802, 5834067, 880"
"Verloren"	", 16775, 19590, 20955, 23140382, 24362712, 25535060, 25736, 26954, 28728, 31542, 32185, 37036, 37404, 37653, 38885, 38906, 39127, 39884, 42056, 6097240, 61345, 7129693, 8246, 929"
"Vicki Rosenzweig"	", 1008, 1012, 1019, 10843, 11009, 1129, 11968, 1203, 12108, 1254, 1259, 12706, 12804, 12970, 13279, 13707308, 13828, 1417, 14306, 1442, 1499, 1519, 15651, 15794, 15799, 15809, 15820, 15844, 15849, 15857, 15862, 15863, 15873, 15883, 15892, 15911, 15922, 15924, 16089, 1624, 1628, 1629, 1658, 16972981, 17095, 1711, 17302, 1781, 18315, 18838, 18842395, 19167679, 19354, 19446, 19450529, 19624, 19773, 19827221, 20187, 20613, 2065, 20781951, 20913771, 21294842, 21299730, 21473, 21883824, 22544, 23455006, 23664, 23749, 23878, 2418, 24514, 2483, 25478078, 25534914, 26811621, 26945, 2735, 27530, 27531, 27935, 27949, 27990, 28021, 28030, 28134, 28148, 28209, 28266, 28329803, 28771, 28800, 28930, 29305, 29922, 29973, 32611, 32759, 32781, 33163, 33235, 33603, 33841, 34226, 34368, 34411, 34610, 34624, 34648, 34671, 34751, 35180, 36465, 36477, 36786, 36895, 36968, 37069, 37167, 37170, 37194, 37274, 37320, 37342, 37402, 37408, 37445, 37495, 37536, 37875, 37977, 38173, 38187, 38214, 38252, 38301, 38334, 38383, 38469, 38585, 38743, 38748, 38805, 38806, 38828, 38966, 38972, 38992, 39004, 39007, 39052, 39077, 39131, 39138, 39188, 39235, 39239, 39269, 39380, 39715, 39791581, 40112, 40135, 40189, 40236, 40243, 40354, 40400, 40437, 40439, 40440, 42029, 42248, 42331, 42374, 44469, 4492, 45213, 4543, 4561, 4576465, 50621, 53606, 5530, 5635, 6663, 6883, 689728, 6942, 6975, 698, 7105, 7129693, 736, 738, 7696573, 7822, 783, 8354, 87253, 88974, 9028, 9332, 9623, 9684"
"Vignaux"	", 19406236, 20781951, 34633, 39847, 39867, 39869, 40227, 40478, 40573"
"VincentV"	", 15799, 15800, 15802, 15812, 15842, 21448, 21452, 21574, 21575, 21576, 21578, 21726, 21806"
"Vulture"	", 18203"
"Wesley"	", 10058, 10186, 11014498, 11026, 12233, 13547, 14117, 14379, 15506, 16329, 16330, 16522, 16979, 18196, 18197, 18426568, 18825270, 1950, 19616, 20272, 21440, 21468377, 21686, 21785, 22085, 22086, 23195, 23555, 23673, 24326, 24403, 25414, 25814008, 26422, 27694, 27732, 27911, 29010, 30295, 30667, 31542, 32494, 33306, 36535, 36665, 36778, 37081, 37404, 37799, 37857, 37861, 37866, 37879, 38011, 38115, 38304, 38874, 38942, 38961, 39066, 39121, 39155, 39203, 39823, 39872, 40111, 42050, 42183, 42208, 42220, 42776, 4333, 50415465, 50896, 5211, 5791492, 6097382, 61345, 6325, 6728, 7322, 73513, 7355, 751, 7601, 7661, 8246, 8344, 9026, 9228, 9325, 984"
"Wforshay"	", 38229, 38242, 4430"
"WojPob"	", 11331, 12386, 13058, 13224, 14011, 18426568, 18452, 18877, 211271, 21212, 21796, 22303, 22446, 23871, 2421391, 25936, 26742239, 27911, 28135, 28189, 30739, 32413, 32526, 32942, 32978, 33999, 34069, 36496, 36716, 36854, 36863, 36868, 37042, 37071, 37073, 37321, 37794, 37987, 38272, 38284, 38286, 38678, 39007, 42590, 42901, 53754, 53847, 6658, 8488"
"XJaM"	", 12955, 18902, 19706, 20961, 21462005, 21676, 28135, 28137, 37875, 40421, 40478, 40593, 41531, 41887, 41989, 41998, 42036, 42082, 42119, 42120, 42126, 42130, 42149, 42296, 8477"
"Xudong Guan"	", 975"
"Yargo"	", 37163"
"Yooden"	", 10396793, 24350732, 34264, 42395, 42396, 42402, 42425, 42427"
"Youssefsan"	", 15578"
"Zardoz"	", 36528"
"Zoe"	", 33766, 8615"
"Zundark"	", 10106, 10911, 11004, 11180, 11441, 1148, 11924, 11953, 12815, 14640471, 14789, 14856, 1486, 14900, 15024, 15182, 15220, 15422, 15532, 15573, 15767, 15807, 16824902, 17006, 17054975, 17530, 17552, 17867, 17944, 18313, 18617142, 18628317, 18628361, 18831, 18833, 18839, 18842395, 18902, 18926, 18946, 19078, 19447, 19694, 19699, 19706, 19873, 19906, 20434, 20781951, 21462, 21708, 22770, 23117875, 23542, 23601, 23621, 23798, 23943, 24081, 2480627, 25223, 25271, 25477, 26064288, 26301345, 27847, 27859, 27911, 28032, 28135, 28175, 28957716, 29208, 2974, 29824, 30644, 31755, 32113, 32186638, 32203, 32494, 32506, 32745, 32978, 33238, 3329, 33401, 3343, 33662, 3378, 3380, 33841, 3401, 34399, 34411, 34505, 34840, 36168, 36504, 36512, 36575, 36576, 36577, 36602, 36714, 36857, 37035, 37058, 37065, 37333, 37417, 37422, 37622, 38119, 38229, 38267, 38494, 38546, 38634705, 38801, 3897560, 39068, 39358, 39363, 39378, 39382, 39432, 39748718, 39791, 39791581, 39792, 39834, 39847, 3989, 39943, 39969, 40189, 40276, 40325, 40399, 40402, 40441, 40478, 40593, 40634, 41890, 41928, 42036, 42132, 42169, 42178, 42296, 42717, 42724, 48512, 5008, 50415465, 5134, 51436, 51438, 5166, 5211, 523879, 523881, 5375, 5793, 5826, 5869, 5902, 60431, 6220, 6233, 6310, 6352800, 6516, 6658, 6883, 7123, 7125, 7146, 7198, 7885, 791, 8221, 8246, 8398, 8477, 8518, 8847, 9845"
"\"10.0.0.60"	", 0"
"rev_user_text"	", rev_page"
"-- April"	", 10106, 10256, 12913, 150304, 15055, 17743639, 18105, 18805409, 19906, 20757740, 20757816, 20781951, 21243998, 21476233, 21476352, 2154, 22348, 22423, 22498, 23443846, 25, 25454239, 25775, 26176, 2861, 2864, 28930, 2912, 29305, 2963, 32538, 33235, 33692, 33841, 34154970, 36884, 36891, 37010, 37031, 37037, 37097, 37242, 37243, 37316, 37325, 37530, 37556, 37658, 37671, 37738, 37885, 37888, 37904, 37915, 37924, 38062, 38090, 38092, 38149, 38150, 38233, 38245, 38246, 38316, 38317, 38475, 38611, 38791, 3883, 38891, 38894, 38929, 38932, 39082, 39083, 39085, 39143, 39144, 39305, 39353, 39374, 39378, 39455, 39653, 39664, 39666, 39674, 39789, 39801, 39837, 42204, 42205, 42220, 42234, 42327, 42328, 42334, 42349, 42518, 42976, 47497309, 5025820, 50279, 50284, 50650, 50651, 51205, 51772, 60786, 63654, 63676, 65957, 689728, 6946, 7504, 7654, 82005"
"0"	", 29848, 33589, 36218, 38313"
"195.149.37.150"	", 2415584"
"195.149.37.38"	", 31768"
"Adek~enwiki"	", 4211"
"Aidan Elliott-McCrea"	", 5658"
"Alex.tan"	", 21294842, 37149, 37186, 9312"
"AlexWasFirst"	", 13287, 17560, 19763032, 21896483, 23289, 2499, 2782, 28175, 36993, 36995, 37180, 37431, 37432, 37689, 37708, 42719"
"Alexdb"	", 32740, 5030553"
"Amillar"	", 12507, 1296, 13684, 14117, 16329, 16494, 17054975, 20421, 22702, 22747, 2345, 28030850, 29167, 31065, 32978, 33841, 33842, 3390, 37190, 37249, 37252, 37273, 37857, 37861, 37866, 37876, 38057, 38166, 38428, 39054, 39055, 39209, 39341, 39731, 39737, 4412145, 4663, 7661, 9684"
"Anders T\u00f6rlind"	", 11014498, 42167, 42168, 42907"
"Ansible"	", 19600280, 21306150, 34636, 8209"
"Ap"	", 10474, 29294, 32978, 42766, 5857"
"Archibald Fitzchesterfield"	", 17996, 19445"
"AstroNomer"	", 14536, 15548, 21098, 21591425, 23139831, 36477, 36504, 36505, 36607, 42016, 47505, 5030553, 5321, 63654"
"AxelBoldt"	", 10396793, 11168, 11593, 1208, 12386, 12403, 12688, 1273, 13048942, 13070, 13086761, 13223, 13636, 13878, 14233, 14234, 14278, 147164, 15022384, 15069, 15109, 15492, 15532, 157626, 16456, 16824902, 17095, 17344554, 17377, 17530, 18079, 18195, 18568, 18825270, 18831, 18841893, 18932421, 18946, 18949328, 19447, 19594213, 19773328, 19773418, 19868, 19872, 19873, 20018, 20110824, 20306, 205457, 20609836, 20781951, 20961, 21272, 21391464, 21462, 21527, 21551, 21745, 21882038, 22657, 22782, 22939, 23316, 23385892, 23601, 23666, 23692, 23891, 24131, 24259, 24390, 2480306, 24931750, 25271, 25422, 25791, 2589714, 26064288, 26262, 26513034, 26751, 26764, 27812895, 28142, 28736, 28926, 29208, 30398, 30403, 30634, 30746, 3090, 30977, 31880, 31883, 32245, 32337, 32942, 32978, 33130, 33710707, 3380, 34535, 34633, 36028, 36501, 36503, 36505, 36512, 36554, 36575, 36591, 36602, 36628, 36714, 36762, 36780, 36789, 36912, 37021, 37078, 37196, 37232, 37291, 37333, 37342, 37400, 37656, 37789, 37797, 37817, 37895, 38041, 38359, 38376, 38454, 38469, 38470, 38562, 38737, 38770, 38801, 38838, 38955, 38956, 38992, 39125, 39136, 39222, 39248, 39305, 39358, 39748718, 39822, 39875, 3993, 40203, 40270, 40282, 40326, 40593, 40646, 4116, 41545, 41546, 41985, 42067, 42133, 42156, 42158, 42169, 42191, 42268, 42327, 42328, 42331, 42334, 42373, 42424, 42445, 42616, 42975, 42976, 44758, 47375, 47505, 48512, 5030553, 51416, 51440, 523879, 523881, 5374, 5378, 5379, 5390, 54130, 5710507, 5869, 58863, 5921, 5926, 6233, 6652887, 7198, 7493, 783, 7832, 8302, 8398, 8477, 8847, 8887, 9476, 9969552"
"BF"	", 21742, 37081, 37101, 6658"
"BenBaker"	", 10983, 15804, 15866, 21405519, 23943, 25414, 27859, 34648, 35531, 36525, 39038, 39764478, 39780, 39781, 39782, 39791, 39796, 39817, 40282, 40327, 51440, 5826, 6285"
"Benwbrum"	", 25457, 28134, 30942, 31936, 37620, 37953, 38350, 38426, 38711, 38726, 38742, 38936, 5692064, 863"
"Berek"	", 10408, 15924, 18842395, 18994363, 19013, 265202, 26994, 30339, 32876, 32978, 33832, 35502, 36062, 37410, 37803, 38902, 39315, 40270, 4922"
"Brion VIBBER"	", 15040, 15606, 16824902, 17730, 19906, 20596, 20609836, 20781951, 21967540, 23015, 25607, 26220, 26263942, 26263954, 27847, 32978, 3378, 3380, 33841, 36532, 36602, 36862, 36865, 37333, 37391, 37510, 38063, 38242, 38359, 38930, 39748718, 41532, 4579, 5030553, 51440, 5202, 6097297, 9248"
"Brovnik"	", 29816, 38140, 38353, 38355, 4764461, 5652"
"Bryan Derksen"	", 11593, 1245, 12688, 13048942, 13086761, 13256, 14204, 14230, 14640471, 14854, 15416, 15944, 16824902, 18158, 18370, 18582186, 18721790, 18994897, 19007, 19331, 19600280, 19654, 19737, 20171, 20224, 2043, 20781951, 20986, 21299730, 22444, 22555, 22915, 23053, 23055, 23335, 23512, 23718, 23719, 23720, 23943, 24031, 24065, 24169, 24558035, 248189, 24864, 25433, 26751, 26779, 26826, 26903, 26991, 27118, 27616, 27931, 28143, 28506, 28507, 28962, 29302, 29420, 29440, 30017, 30848, 30853, 3107, 31591, 31755, 31985, 32313, 32745, 3378, 3380, 33841, 34043, 34411, 34557, 34618, 34635, 34669, 34749, 35180, 35530, 35824, 35826, 36210, 36290, 36291, 36305, 36542, 36660, 36698, 36912, 36938, 37153, 37183, 37184, 37506, 37526, 37708, 37719, 37720, 37721, 37725, 37830, 37831, 37832, 37833, 37834, 37835, 37836, 37838, 37839, 37840, 37841, 37842, 37843, 37844, 37845, 37846, 37847, 37849, 37850, 37851, 37852, 37853, 37854, 37856, 37947, 37964, 37987, 38283, 38393, 38714, 38930, 38979, 39171, 39181, 39747, 39856, 39870, 40115, 40180, 40245, 40247, 40248, 40375, 40379, 40583, 40584, 4111, 42806, 43127, 43529, 4529, 4597, 4689264, 47063, 47648, 56110, 5710507, 573, 5962, 5987, 6197, 6217, 6670, 69937, 7251, 7504, 7890, 897, 9164, 9228"
